15
28 27 40 25 11 8 33 16 19 3 44 44 22 9 12
28 5 17 7 33 36 4 0 14 13 21 39 12 33 12
24 25 40 10 26 14 6 23 2 40 0 21 44 23 11
16 2 20 6 40 44 46 2 26 41 9 0 25 41 35
17 14 25 3 31 21 47 8 17 0 17 36 40 34 29
1 11 23 2 8 25 32 16 3 8 9 23 36 8 47
9 43 5 30 5 45 6 33 47 4 28 30 21 22 43
38 11 23 40 42 13 19 9 4 0 2 29 20 30 30
6 47 33 0 15 40 44 25 47 44 3 20 21 38 25
16 0 30 31 42 16 19 27 2 35 2 6 14 24 47
34 43 40 0 43 48 29 34 30 36 20 17 21 49 30
1 23 17 5 17 40 30 23 36 6 16 20 20 23 2
23 3 34 40 38 21 22 37 27 21 47 45 40 43 14
36 24 0 16 17 47 28 21 37 6 34 36 22 25 31
46 20 18 3 46 36 37 30 29 8 43 24 10 30 48
