20
44 19 4 11 46 41 1 32 10 3 33 5 32 5 8 17 32 5 12 32
46 33 39 17 35 26 9 47 38 0 28 31 42 8 0 27 36 25 3 5
2 27 44 0 35 13 48 9 0 17 44 33 13 38 11 33 11 37 43 23
43 16 5 49 19 24 35 31 22 24 6 17 20 4 10 42 48 6 23 6
12 25 7 3 37 27 44 30 6 16 14 2 3 31 13 6 14 15 43 30
5 8 14 17 44 39 39 25 38 36 46 47 14 8 41 4 43 4 38 49
36 30 3 47 13 19 18 38 12 47 29 2 26 33 0 20 25 35 27 26
33 7 14 26 1 9 13 0 28 23 3 10 27 41 43 47 28 42 48 13
28 22 2 7 16 30 47 42 31 21 46 34 21 18 15 29 38 29 34 27
32 20 19 6 37 40 38 2 21 40 28 41 39 18 21 47 30 31 2 27
12 40 17 0 7 21 47 49 9 22 23 2 25 28 39 16 7 1 48 27
20 18 32 10 33 35 43 9 40 38 30 11 32 29 13 35 3 18 47 36
16 0 28 11 31 1 8 45 36 24 27 48 38 17 8 47 16 38 36 17
48 0 27 40 31 48 48 5 26 24 24 33 6 30 32 7 36 25 42 0
1 0 27 47 16 48 9 42 28 21 31 22 10 40 2 34 13 27 12 15
34 32 18 34 35 14 25 7 8 17 12 49 23 1 49 38 5 14 12 28
16 3 20 18 18 46 36 17 16 14 19 46 21 45 29 35 15 48 5 42
18 10 10 12 12 39 37 3 1 10 3 31 3 35 7 18 8 10 45 9
36 49 15 49 31 49 34 19 33 8 15 24 41 4 3 27 28 27 15 21
35 47 26 42 46 16 34 3 49 36 4 20 35 4 1 22 18 47 33 49
