30
29 34 49 25 25 49 5 47 10 11 43 16 3 45 16 13 22 44 1 23 29 3 9 15 42 42 1 43 15 32
3 28 31 18 30 37 10 18 9 21 24 48 43 15 21 9 25 20 18 31 2 20 48 35 12 45 8 18 31 8
29 11 32 11 46 46 21 47 46 2 49 10 21 14 31 35 30 46 10 32 26 28 2 31 35 44 10 2 44 45
39 5 38 42 20 1 19 0 38 48 17 26 47 22 21 14 30 1 10 36 7 25 6 9 30 29 14 26 22 31
0 32 40 19 31 13 25 21 18 39 37 34 36 36 46 17 32 13 48 28 25 35 18 44 23 25 7 42 37 47
49 44 40 29 35 23 15 35 37 7 8 46 45 12 38 36 8 29 43 23 25 36 23 30 6 13 23 3 32 47
24 47 28 29 11 1 21 2 16 41 13 31 21 9 43 30 17 14 32 14 28 26 5 31 16 34 29 2 28 36
29 17 14 14 8 49 28 14 37 3 38 26 33 41 37 33 45 34 20 29 9 2 26 2 39 12 43 0 14 37
40 23 20 45 42 21 0 11 13 35 38 4 46 9 41 12 21 15 46 13 28 10 24 3 30 35 16 33 17 47
0 29 15 45 12 27 41 0 49 28 43 30 33 22 48 31 23 11 44 40 24 45 25 34 37 13 16 5 18 12
13 27 14 5 28 49 45 37 9 9 21 35 20 9 13 10 20 11 23 45 11 7 21 49 10 35 38 18 4 20
4 22 19 19 49 14 10 22 49 41 42 42 20 14 44 28 0 49 31 4 15 10 0 25 21 46 30 17 31 48
4 23 36 49 26 41 46 25 24 19 7 16 26 47 32 3 12 26 36 6 18 41 37 48 6 28 27 38 23 11
29 33 4 8 31 0 20 19 34 44 17 16 8 0 42 13 27 22 0 1 0 31 36 1 11 12 37 9 5 36
4 36 34 39 12 48 47 24 15 12 37 12 31 39 5 32 29 11 15 27 3 40 47 15 7 44 43 0 28 6
44 17 29 8 42 47 6 37 37 8 28 13 8 25 42 0 0 42 6 33 5 6 7 8 40 26 28 40 2 40
49 5 42 46 33 18 7 20 18 16 41 7 19 6 18 0 40 46 28 7 19 34 12 16 6 3 19 26 21 15
15 44 1 46 14 43 1 44 41 47 35 22 31 10 23 32 7 0 1 1 44 0 34 39 45 3 11 2 28 7
47 0 40 40 46 38 35 18 36 43 14 32 49 41 48 18 25 43 44 35 31 9 17 36 21 33 0 6 10 30
6 28 43 9 4 5 2 16 9 11 5 47 45 30 3 34 45 18 0 8 9 10 12 6 7 41 31 27 30 42
44 23 30 28 28 19 10 6 45 30 48 34 28 42 25 25 16 15 33 8 2 47 32 13 23 40 27 49 33 33
40 1 31 37 15 9 19 23 29 31 47 7 18 23 21 16 46 0 35 30 49 0 8 17 28 40 47 4 46 28
5 36 29 23 47 28 7 36 5 16 23 18 48 46 31 9 2 27 2 19 34 18 27 30 27 10 24 48 38 16
15 49 32 23 24 5 42 8 18 37 11 40 22 20 27 45 19 40 7 4 4 39 20 19 19 27 45 24 14 11
16 13 42 48 34 13 37 35 14 21 7 13 29 3 21 19 16 47 6 8 36 39 8 43 11 39 19 47 7 32
30 19 35 1 0 33 6 30 35 28 37 6 44 5 46 19 39 16 12 31 22 30 34 39 29 49 18 37 15 11
35 0 11 28 41 33 31 16 30 18 4 18 39 46 10 39 42 14 33 49 47 4 13 49 38 47 40 2 41 11
8 16 49 29 48 34 36 37 20 27 8 44 23 11 17 11 17 13 32 22 39 1 33 6 36 21 11 41 40 9
46 12 24 10 10 22 0 42 26 7 24 5 23 28 46 35 32 42 32 25 39 23 23 20 24 38 37 26 23 14
16 8 20 29 45 44 24 23 7 43 31 2 29 38 32 5 16 34 45 13 26 9 32 21 23 6 13 0 22 33
