50
9 45 42 36 5 20 22 17 7 35 21 7 39 20 9 17 19 21 11 7 4 29 15 20 22 16 2 18 49 23 21 18 42 42 32 17 17 12 36 26 5 38 42 13 43 7 39 15 34 37
25 26 32 17 19 27 49 32 49 26 16 14 40 49 44 37 23 29 49 21 39 46 31 3 10 49 20 29 47 16 38 0 7 12 41 6 27 0 16 19 38 37 10 32 0 42 35 18 36 3
16 2 29 34 22 14 27 21 29 18 34 18 5 30 7 39 7 26 4 3 35 35 11 28 42 32 31 26 13 36 15 15 36 26 22 3 7 18 18 39 18 16 32 21 21 29 41 33 40 18
18 34 3 41 29 39 22 22 15 1 19 5 9 25 28 7 41 13 28 6 27 6 25 9 27 33 14 21 11 18 45 49 2 38 23 34 12 4 37 18 45 8 45 11 26 13 39 11 15 23
41 9 48 17 33 16 37 9 38 30 14 4 22 40 25 29 21 0 40 12 34 0 1 21 27 37 12 41 48 40 4 32 39 16 23 49 8 36 19 34 5 16 35 30 29 32 20 43 28 41
46 34 2 48 6 2 13 40 3 43 5 20 44 35 45 43 11 45 11 49 9 47 28 42 46 19 10 36 15 36 37 27 40 24 25 27 48 26 13 26 17 16 6 11 43 33 0 23 23 32
18 38 22 28 45 30 10 40 22 42 36 15 7 4 38 41 39 46 48 12 2 6 49 4 25 19 5 0 44 6 1 12 12 21 19 47 40 37 6 17 3 18 5 43 21 11 36 11 38 37
13 26 3 20 36 43 4 48 31 31 5 28 10 29 18 41 19 14 45 5 45 17 10 46 12 19 24 12 3 42 39 37 49 2 8 7 12 38 8 14 15 9 15 16 29 42 14 33 31 21
8 15 32 36 5 10 4 25 36 22 33 22 10 24 1 4 25 12 5 10 9 40 22 28 7 18 48 16 7 27 42 37 43 38 6 16 13 26 46 20 32 36 29 18 5 5 7 16 24 36
25 34 48 13 22 38 5 35 27 41 25 7 28 37 3 36 22 27 38 42 18 4 26 10 33 44 18 20 24 49 11 17 27 36 27 0 29 37 5 3 20 28 6 48 35 29 17 24 41 5
31 27 48 31 17 46 15 21 26 34 0 24 11 36 21 19 32 5 44 0 35 13 5 30 37 16 4 8 44 16 44 33 26 44 48 25 36 20 15 33 3 28 28 39 7 35 22 0 0 30
17 22 26 47 25 31 30 16 45 12 37 28 33 14 42 40 21 39 36 1 23 0 34 35 9 21 8 29 48 31 37 31 31 17 30 35 16 4 21 25 33 28 44 39 22 48 42 41 17 4
25 40 23 27 6 34 24 32 17 39 39 40 20 37 10 37 34 10 41 21 37 32 45 32 11 44 9 2 43 15 4 40 42 15 15 0 35 45 16 25 4 3 34 21 3 35 2 32 17 34
38 9 35 18 47 41 31 4 2 45 37 5 9 34 24 48 26 32 17 42 24 41 30 20 10 30 18 29 16 1 11 3 25 13 46 41 24 35 30 40 42 35 0 5 46 39 4 20 21 7
2 19 44 49 2 37 9 12 47 49 32 0 34 23 32 18 37 34 26 7 11 14 10 47 2 12 47 21 20 46 29 47 39 14 5 36 6 17 47 16 46 12 14 25 28 4 17 13 4 29
15 45 35 28 13 14 19 16 5 10 31 2 9 12 32 26 26 28 15 25 37 35 35 17 18 2 26 9 27 14 48 24 32 44 8 18 16 19 32 29 0 21 18 47 45 35 49 5 41 48
15 13 30 26 39 3 29 8 12 29 42 47 26 41 37 23 2 16 30 0 16 22 32 13 15 25 38 20 47 23 2 18 43 30 16 1 19 37 40 16 25 3 17 16 41 23 17 26 45 12
31 13 42 43 14 33 30 26 11 11 16 8 7 23 37 17 43 33 36 15 24 36 15 7 4 31 23 10 34 36 2 33 34 0 23 5 18 34 10 48 18 15 38 40 8 2 32 49 1 20
8 49 16 42 45 13 29 20 44 12 38 33 45 27 41 34 27 42 25 6 33 45 6 23 32 39 13 0 17 11 44 31 47 21 7 22 30 35 16 39 0 34 21 24 7 41 42 15 20 39
23 33 32 0 15 4 45 4 6 39 38 39 10 18 18 34 26 21 34 14 34 29 41 29 13 9 37 28 12 40 33 9 16 49 44 1 25 7 47 10 10 28 39 34 15 13 34 42 14 45
30 46 36 36 20 42 16 23 15 7 23 44 33 7 41 23 24 39 44 39 43 0 39 27 17 27 46 14 48 25 46 31 45 30 10 1 31 45 5 42 21 34 25 8 18 34 34 29 30 5
13 11 22 33 11 1 35 1 14 49 41 6 1 32 29 15 1 22 14 31 4 20 28 1 46 30 37 29 3 27 17 11 1 44 44 34 12 29 7 4 18 17 43 40 21 17 48 8 10 41
37 42 34 6 40 16 25 43 28 12 41 22 28 41 3 25 8 20 21 7 9 24 23 14 20 22 4 34 49 1 23 38 19 24 44 22 24 20 0 38 18 21 49 16 27 28 23 18 2 14
44 1 5 24 42 36 26 48 16 14 23 34 25 12 5 39 46 36 2 28 21 49 12 3 26 4 46 49 25 33 4 25 33 42 16 39 4 24 47 2 36 36 37 11 49 19 44 38 11 36
7 7 46 14 36 35 2 29 8 32 1 3 18 12 14 20 45 38 24 0 49 15 29 3 37 13 26 31 21 17 4 7 35 6 6 18 22 48 3 49 49 24 8 12 38 21 13 29 19 23
48 45 48 34 20 7 18 18 38 32 21 33 19 26 34 31 46 32 18 20 0 9 41 43 46 15 28 42 13 8 46 21 22 21 36 16 19 7 20 46 27 48 16 20 27 12 19 25 44 16
15 18 18 17 42 1 13 2 23 37 16 36 9 7 3 1 35 6 14 33 1 39 22 43 26 46 23 7 39 35 18 36 7 7 17 9 2 49 14 42 35 48 7 4 26 48 19 6 22 42
49 20 16 44 43 9 29 7 19 38 14 8 25 41 10 28 46 39 40 4 6 29 16 33 19 29 37 40 41 27 34 48 31 33 23 45 39 15 12 35 43 32 18 36 23 30 38 6 15 17
17 32 24 10 9 17 21 47 45 15 21 43 36 35 5 22 16 10 20 0 7 26 15 29 37 12 3 13 42 39 28 18 22 28 8 25 9 29 8 45 35 27 5 39 38 19 2 25 21 10
26 38 23 17 49 17 4 28 8 47 3 19 37 4 36 11 22 31 48 20 17 13 29 0 44 30 16 21 43 10 21 41 41 49 25 40 20 7 20 24 38 30 19 47 16 38 17 25 1 10
39 48 43 29 7 13 2 40 10 13 39 10 20 47 35 9 26 26 44 49 27 36 33 37 7 44 48 35 47 19 1 49 20 37 1 30 31 26 7 23 45 39 0 21 13 5 4 29 20 40
48 18 43 31 12 32 30 46 35 2 28 29 40 30 28 21 1 8 21 24 15 26 39 28 39 10 7 43 2 29 6 1 0 27 13 47 35 42 36 35 21 18 37 38 38 9 46 48 29 11
37 45 18 13 3 3 24 38 43 47 27 47 38 36 5 49 30 43 25 5 2 37 39 18 48 38 18 47 18 20 29 1 26 41 18 7 36 25 35 42 35 38 18 25 26 26 4 18 16 1
44 31 16 38 6 44 33 22 31 28 26 6 17 5 0 19 33 36 39 14 2 45 43 20 18 6 43 49 48 29 22 47 3 5 42 32 1 49 37 6 3 22 43 22 24 0 42 10 17 4
29 14 7 43 32 0 25 1 28 33 1 18 19 14 45 12 0 7 1 34 7 38 16 43 0 18 24 25 44 28 15 4 19 22 18 11 31 0 7 0 0 49 28 1 49 2 8 1 34 35
34 22 29 33 5 49 21 45 46 38 48 16 20 49 14 21 14 47 47 23 25 3 37 38 6 26 40 36 48 48 5 7 42 49 38 5 49 49 18 42 17 12 40 5 10 30 2 20 32 13
14 21 22 22 22 1 2 1 4 12 13 47 32 17 40 19 2 8 7 29 25 21 9 8 24 44 43 8 29 44 41 39 12 38 42 29 18 25 1 42 29 27 26 32 39 31 31 19 24 24
23 41 34 1 13 4 10 21 1 4 24 6 20 34 6 28 1 23 24 26 28 32 44 8 5 38 6 46 15 18 27 35 14 40 12 22 30 5 49 43 1 31 25 17 7 20 8 0 29 47
22 24 17 46 23 49 31 21 3 34 4 29 3 26 18 2 4 18 22 33 4 6 10 35 42 12 47 3 32 33 6 30 7 35 17 12 20 26 14 20 17 32 1 28 13 28 18 31 4 34
39 39 32 33 15 41 8 16 36 44 44 23 21 43 18 35 31 4 4 36 8 11 45 0 29 32 9 28 30 35 3 26 9 14 20 31 16 8 21 19 23 5 38 44 25 32 18 36 49 19
46 11 32 49 32 33 11 25 3 22 3 8 43 33 22 4 38 3 44 3 19 6 0 44 18 39 33 1 36 17 22 27 13 21 33 29 29 8 41 1 29 10 45 48 25 34 48 19 0 17
26 48 17 40 46 34 29 4 37 6 43 42 12 8 19 2 1 33 17 28 3 7 29 33 41 34 17 40 45 33 37 32 36 6 12 12 7 26 15 48 49 36 3 26 3 17 38 21 1 30
39 30 32 11 22 17 16 41 26 25 44 45 13 39 37 5 45 41 26 5 10 48 4 47 40 2 11 31 33 34 18 35 14 18 25 5 38 30 15 32 23 18 2 40 22 9 15 28 41 48
24 40 39 38 25 29 5 8 25 14 36 37 17 6 37 19 31 3 21 38 30 6 32 27 22 36 25 13 18 13 5 32 37 48 46 1 48 38 41 2 33 17 2 20 6 21 39 15 20 9
39 4 37 10 29 31 21 44 4 19 47 39 37 12 2 41 30 5 34 40 48 24 38 25 12 30 37 25 44 26 30 1 40 20 27 9 36 9 45 21 34 2 16 22 4 42 40 37 38 37
26 17 20 4 21 23 44 0 21 11 26 47 6 45 0 38 49 28 10 32 26 30 0 48 37 25 37 40 32 12 18 3 43 42 17 6 31 43 24 11 36 31 8 38 40 30 0 28 37 24
34 29 1 35 38 4 27 31 24 15 2 41 28 5 23 43 47 18 42 36 37 8 20 46 43 0 45 46 35 34 13 23 5 32 13 14 12 0 25 13 3 36 48 17 20 14 7 24 30 12
6 30 42 28 10 18 7 47 27 28 6 44 19 3 33 34 20 8 13 40 22 46 11 14 6 35 40 13 7 4 23 16 2 39 48 19 15 9 9 5 2 37 21 34 8 14 46 10 24 37
37 13 27 31 17 16 33 4 19 26 1 32 44 0 31 23 2 13 32 39 36 13 41 48 42 11 15 48 33 3 11 24 15 37 33 45 10 17 2 43 7 14 19 43 9 12 2 1 20 35
45 5 10 12 0 21 6 15 29 26 37 11 49 37 1 28 9 26 42 26 30 49 26 27 9 4 5 36 10 13 27 9 48 34 48 40 38 31 43 8 6 39 43 4 29 44 32 15 11 22
